ref
range
sort_type
filter
page
report_id
limit
url
signature
afdt
search
hideBg
height
sharing
miniTitle
miniColor
miniBg
miniUrl
width
miniPop
alwaysCover
miniLinkToTitle
host
color2
contentBg
imageHost
colorSchemeCode
useGradients
color1
leftSep1
leftSep2
_escaped_fragment_
-syv14m
1393167930
1383767203
1383766815
1383766764
1383767829
1383766628
1383766566
1383766478
1383766746
1383766789
1383766722
1383766669
1392325133
1395368597
1396284900
1401113744
1395973254
1401927012
1395642801
1397207913
1397233245
1397550315
1398369700
1398764328
1399219486
1429234924
1402446624
1404250594
1409030638
1442252668
1438705278
1415231246
1423778282
1431970474
1436899595
1445270292
1479264955
disclosed
show_all
tracer
utm_content
utm_campaign
utm_source
utm_medium
claim
view_policy
view_profile
order_direction
order_field
state
jwt
m4dc56
team_handle
month
_pjax
referrer
subject
view
reported_to_team
text_query
program_states[]
substates[]
sort_direction
filters[]
team_id
token
format
type
team
active_only
asset_type
ibb
offers_bounties
query
sort
querystring
_branch_match_id
change
nid
embedded_submission_form_uuid
footer_tab
tab
checklist_check_response_id
username
amp
followed_only
md5
newsitemid
lan
anchor
index
esheet
c
graphqltoken
platform
file_name
content
filename
value
content_policy
view_policy target
gclid
source
share_token
0
fbclid
_ga
first
subscribe
handle
mod
ncid
reset_password_token
email
invitation_token
1393874630
1395443047
1386234406
1393782779
1383694562
1383763596
1395440819
1390238455
1383767658
1383694494
1383736514
1383736680
1383736780
1384251609
1383736850
1383736949
1383737033
1384379101
1383737131
1383737201
1385119730
1383737271
1383737333
1383694480
1395445189
1383694460
1383694450
1383973180
1392242523
1396468928
1392142945
1392266609
1393171302
1392372765
1383694521
1394427137
1392674727
1394198478
1383694498
1396018558
1383694490
1392928046
1392557976
1393016375
1395940294
1385051703
1393279055
1393461859
1396398928
1392343274
1393549647
1383771460
1396035932
1392546017
1391207535
1389979838
1383772988
1383931501
1395940246
1383776847
1384073150
1395368444
1396284430
1396687870
1389662194
1383781758
1389665558
1391530503
1383801219
1383808340
1390312990
1383822014
1385192421
1383834358
1386958714
1389712327
1394554463
1394578081
1391608980
1384000312
1396289298
1384015748
1394325019
1384032273
1393927411
1396429034
1396712189
1393246284
1396468576
1393879744
1391551035
1384985614
1385200232
1389647102
1389984020
1389949956
1394646846
1385675317
1385886762
1396467790
1396018837
1386154568
1396383337
1391120896
1392849419
1395940325
1392844411
1388142543
1394008329
1391626394
1392632170
1391615084
1391452354
1393247819
1389645374
1396470980
1389652362
1391458495
1396440985
1389648762
1394579250
1391523145
1389967428
1393099945
1396556904
1391467645
1392835083
1389674804
1395254428
1393714425
1391962328
1392746435
1390346634
1392750796
1396397089
1392210748
1396630124
1394270146
1389895000
1389890795
1396582691
1394864927
1392391091
1395439584
1394229098
1393851344
1395392973
1391720792
1391583942
1391449672
1392553663
1392478717
1391457066
1391498561
1391490934
1392356964
1393556029
1393285121
1392896460
1391831379
1391899731
1394773650
1393294820
1393780875
1396289357
1392661173
1395745546
1394563401
1392210324
1392294649
1394098339
1392325443
1392382289
1392375714
1396374941
1394106021
1392444435
1392504211
1395166795
1395078646
1394210075
1392722750
1393566099
1396697448
1392929635
1392885621
1394120460
1396329488
1396291703
1393341245
1393211723
1393362156
1395613555
1394091593
1393867658
1393885913
1395518907
1393950757
1395953361
1395751142
1394671209
1394495058
1395339210
1394765173
1394881025
1395921391
1396613321
1395057615
1396495725
1396319944
1396623830
1396305656
1395794124
1396563349
1396468280
1396503534
1487955532
1439954730
1397207912
1454722206
1514905146
1496957822
1423778005
1432930626
1433294886
1403536399
1438966526
1503603756
1449271894
1484006970
1469676240
1454313094
1472089487
1538244955
1524511219
1515887080
1531197485
1496937655
1502308334
1504915279
1508679627
1527632451
1525844603
1529358342
1547127995
1517786639
1527536181
1449305173
1501397950
1520326612
1500879898
1529606078
1509124389
1532049493
1493758830
1505921483
1508413229
1511427942
1543814743
1562148403
1511304640
1527488758
1538477498
1410255083
1402010249
1383694553
1401284571
1417355746
1403341934
1383694418
1445331713
1439955244
1404415166
1383694485
1391142062
1432665497
1395966349
1480719394
1415520242
1422637178
1432676356
1417714912
1414820997
1423503428
1401738351
1398625924
1397215793
1458924725
1422530690
1441292756
1392934661
1393009870
1462126735
1393451302
1442473041
1462953471
1460237520
1399571844
1432170702
1449082084
1397639671
1413410210
1445380125
1446519174
1428676889
1425844471
1395986250
1432925555
1396031864
1404364884
1396798005
1421294336
1386865149
1396569003
1403641753
1383779181
1396826077
1397053347
1397144055
1432652731
1397550591
1397692219
1398144914
1398291607
1398320490
1453129522
1398764641
1399085379
1424562584
1399342592
1410200613
1399395721
1421189482
1400246587
1408221632
1397120439
1436249071
1456594968
1399969313
1438768529
1400190746
1400430635
1415704940
1398350628
1401800415
1402446808
1402219598
1402347971
1403079688
1403441563
1393247119
1403764222
1403664363
1403902124
1403992484
1405460051
1405492228
1447884323
1412369170
1456253342
1407284995
1407302946
1392687778
1421442199
1408046802
1408222847
1438962145
1446291668
1409030603
1451779863
1418678969
1455717857
1458673619
1413437559
1393000357
1432930678
1410280265
1410385089
1438702691
1432600211
1409331866
1464725067
1490887561
1456593728
1473571432
1413843174
1397977605
1411497756
1410806433
1449256661
1473800209
1492759746
1413241197
1396780889
1466526176
1432078031
1413586883
1414172753
1473896260
1481125808
1443048938
1416258541
1414625479
1429307033
1414767226
1383834616
1415138560
1423731134
1429726565
1416868794
1417462266
1427400185
1418092466
1445260824
1418168795
1448618659
1383850245
1418754219
1419364363
1414863547
1455171206
1411872831
1450520184
1430745090
1473383757
1421687525
1421876138
1432062016
1399581885
1418823695
1451679556
1460755790
1433568230
1409945009
1414186924
1385370926
1409064075
1383924384
1383935787
1433615482
1475832990
1424255830
1424371087
1447348596
1402654384
1414535548
1420923943
1423134450
1405734361
1422363609
1448909833
1438403651
1431037642
1496058004
1461653659
1402300435
1433887009
1458164756
1433953347
1426797318
1426856904
1400858041
1405668973
1441090067
1427814646
1435053136
1428339863
1419466222
1447076252
1411057082
1428959532
1436366185
1399989273
1433984954
1402721395
1437797204
1461137643
1433103293
1414725183
1429565555
1416435664
1429834475
1463501977
1425571167
1430785430
1421818541
1436455488
1397977542
1438039038
1440031946
1422909536
1449156217
1457827767
1433973396
1470108305
1434407981
1427937154
1385838884
1407311565
1431986710
1426697933
1399651848
1432026656
1432346547
1389655215
1453239375
1433078273
1432930247
1458214340
1385837548
1453013188
1420686853
1407919873
1414791032
1414350424
1398759698
1386708525
1411050122
1398708639
1398546681
1412372659
1439409411
1405356663
1445888966
1400124690
1490814999
1421123033
1410723519
1423498173
1450970851
1401071612
1427220077
1450297674
1400197970
1428092361
1457666115
1433487970
1473626517
1402846522
1451898885
1424345424
1414158265
1465836374
1433454303
1409312945
1448388369
1468248798
1403811921
1416336766
1389673552
1407506461
1418498192
1437045801
1399254864
1487987032
1412368543
1412480327
1427133295
1412779241
1422909815
1438601407
1444813300
1397199586
1417768139
1417391970
1407202099
1425676805
1395582114
1417359950
1398087320
1432676429
1407259845
1450670327
1427565546
1487380531
1398370577
1464982947
1434352688
1434417296
1398170991
1464568345
1398819934
1396320038
1398375015
1422178059
1434704794
1405628135
1426174990
1465581066
1433507319
1483554784
1397270899
1391508897
1391510986
1406409756
1406023995
1433429674
1402597127
1418671306
1400744766
1395751123
1439049985
1431151932
1407776717
1425210789
1456219064
1424868663
1407654691
1441283234
1455764771
1457568319
1470925629
1422686878
1404114431
1426417168
1398121607
1397282589
1461827943
1411997553
1472603992
1398555372
1429148735
1407854480
1461022958
1392028902
1407510243
1441021759
1438445334
1392925720
1398687313
1397837857
1459336835
1404295935
1398852686
1444051411
1396881194
1397582315
1398208624
1397666983
1436286692
1436295669
1401306120
1431132437
1440553412
1425985182
1399901224
1417816859
1401799780
1422660763
1401449621
1409760484
1392559513
1409772340
1406911556
1410715220
1425146791
1404153918
1469727707
1421244361
1401370086
1474222421
1402396825
1433828750
1469369600
1405671588
1436919073
1471694204
1425925242
1406648942
1414860292
1402428663
1462738337
1474416825
1433606543
1402254160
1394007758
1397616179
1464410189
1393283455
1407699130
1436985481
1426668737
1471202086
1399450611
1460453197
1415663814
1393017748
1451035794
1469378436
1401733611
1426403270
1420420024
1413291287
1396845344
1438778541
1438786688
1393874934
1393938744
1393493644
1438862042
1410487569
1464162760
1440332768
1416092169
1401800931
1401723900
1413832004
1402667566
1414527750
1394062279
1393553079
1393562983
1400076896
1408279485
1393580920
1402905013
1452240386
1415911284
1454317160
1397226032
1442141964
1401308021
1412693233
1429804652
1393862608
1419055184
1425630955
1482759387
1452174080
1459595317
1445888771
1397536316
1449128593
1393947555
1397817891
1413730517
1405672855
1403496047
1477348300
1408427914
1422670571
1450463635
1406646371
1444679908
1427906255
1394894114
1394045273
1406350770
1414176232
1463524471
1398444126
1394673270
1406656654
1436763902
1401042483
1394398892
1407518210
1408909192
1399977723
1475204523
1408271875
1395689406
1416065526
1413212493
1431808892
1394536457
1459502872
1413822291
1417127151
1442156966
1438367209
1489153718
1412018174
1396862760
1420817443
1394595227
1407781072
1430233060
1422247633
1394701924
1405943038
1471158993
1402916215
1418283679
1430673182
1473777420
1403923473
1405762057
1448613545
1408861420
1425645575
1439987211
1404578965
1448275916
1426219537
1451589565
1484078148
1461235685
1430463370
1455531314
1414144191
1465386244
1395407781
1395966322
1415241345
1448676724
1399000023
1398733948
1397068985
1395312774
1397227998
1401342431
1462181120
1398090245
1397767789
1395491487
1453305928
1412788961
1437239918
1395685134
1424292257
1411412645
1466817778
1440327902
1436339304
1427838402
1437547938
1422769017
1395756565
1404008165
1399484740
1452718497
1462460156
1396844872
1414193000
1404160351
1403707143
1398164371
1415643063
1396067639
1396155380
1423470500
1396615652
1415794996
1476896495
1396957932
1400172605
1398920164
1396264534
1447704293
1429108737
1402375310
1447110746
1423688211
1431991583
1440008255
1396987729
1404454337
1474867460
1424687337
1409695401
1399152098
1397439711
1396567032
1396568812
1396586829
1490209180
1443791037
1457397148
1400214460
1416656732
1402004026
1397547848
1452886080
1435174097
1427921294
1433280299
1457125810
1460155799
1404394848
1441093634
1418234952
1398279357
1400871698
1406977853
1396713847
1401702786
1420551010
1439638772
1435089799
1426177419
1397010258
1396847455
1400135676
1409728180
1396902125
1418386128
1410696652
1397030046
1396977371
1397052045
1397207141
1408027932
1397645344
1433324785
1401942745
1397167861
1418304309
1399546946
1406796688
1413416752
1410870619
1400324777
1401379491
1407924159
1404936635
1399984067
1439805650
1426432898
1397844389
1401474485
1422255349
1397523633
1409629319
1403425203
1402562823
1440018000
1398084610
1444329080
1441866904
1403126511
1401406170
1450159055
1397663849
1477314150
1439042732
1423450872
1410605550
1429846617
1397658931
1429724109
1397848402
1400646549
1405058021
1402293117
1423429756
1411725181
1459079690
1399067910
1399137808
1398094983
1403113901
1458055888
1428082765
1398130194
1467624147
1458940740
1456830547
1442491411
1398078399
1444645775
1423403563
1412170291
1424073392
1399759038
1398247581
1467566477
1426766516
1399326119
1416333907
1461940903
1443675417
1427560913
1432951230
1404327116
1398153268
1461676972
1398427506
1400703713
1403016908
1398232867
1398239854
1399976584
1430163286
1419743923
1405267776
1398264619
1463381708
1400833326
1407279270
1401609073
1398392156
1424327899
1434987897
1429991189
1443651906
1398587179
1398713167
1410414754
1421558133
1428165112
1450466970
1424418663
1435856047
1454320284
1398627576
1398662376
1399231704
1398730512
1402017514
1398766222
1457626783
1463069948
1398795683
1421539600
1406252036
1405597149
1423261245
1452455005
1408225816
1399042067
1427286590
1399083947
1459504348
1441431834
1428307877
1422615943
1406649213
1403478759
1428433809
1399454375
1399415226
1417473562
1400278090
1454685876
1400129431
1433920984
1399394033
1399491482
1399466123
1426443512
1442088115
1453704012
1400354277
1404186647
1399505824
1401916181
1436281134
1399587701
1448946738
1402520921
1419347307
1399722449
1417731563
1441650195
1399762022
1422524845
1399992279
1399885002
1400099136
1399974676
1399992092
1422057093
1404145028
1442530672
1400128955
1400246662
1402064382
1409041979
1400347555
1469314426
1408211183
1480893088
1406251665
1458732624
1440616594
1434559297
1404443844
1401830166
1402906074
1417827319
1400624650
1404103070
1414355537
1401535638
1400783642
1400825655
1427128755
1472546977
1459951104
1420978140
1401824167
1402470751
1400926274
1409761781
1401439971
1436475859
1425380529
1460573464
1401087224
1401273404
1407410327
1452188376
1469773452
1460731220
1450688381
1421851109
1456061970
1401162628
1401198593
1404564282
1401218663
1404449829
1401255718
1401267794
1409773098
1418061348
1401308909
1401792002
1405945721
1401368985
1404553817
1401620384
1407848065
1401409453
1404333557
1441807968
1424270679
1401776208
1480698998
1402818301
1406295326
1426609446
1401696596
1436621406
1405451240
1417778892
1454695585
1423448657
1458583144
1421099320
1402123318
1402991624
1402636705
1405174469
1406450279
1457702698
1402842628
1453121948
1405702117
1455621953
1444957947
1402001481
1410398878
1445270234
1402081378
1475769868
1421338225
1445941530
1402166822
1430973474
1445896416
1445933058
1433791250
1405681602
1422843936
1456438990
1433216695
1423212024
1488618984
1402309908
1416218201
1452001008
1402610198
1402835828
1418711405
1446575292
1402799880
1409035893
1467257466
1403005098
1403650450
1420233956
1455252193
1456924393
1403255141
1403445867
1407919859
1450890066
1427736596
1433312525
1403300748
1437315300
1403666219
1413782337
1403748189
1403813104
1405156640
1403907170
1452859936
1403978158
1456845022
1404010691
1449271764
1449272184
1449273833
1413968484
1449274464
1466875013
1411105974
1404937594
1404283287
1404347560
1404461204
1463749693
1433675032
1456439970
1462110163
1475332900
1445389468
1455173397
1407082022
1407970245
1424205184
1456586896
1405651939
1408294265
1453563496
1404823499
1413824344
1425137622
1404848799
1404904183
1443629788
1410797767
1405117640
1413102602
1430507196
1408084477
1405240856
1405221258
1425463368
1455181126
1409941361
1405460525
1405567537
1405546885
1445307131
1462873390
1480891989
1454965074
1460768327
1413812747
1408393916
1420210679
1444082752
1473701117
1418545519
1405930737
1423512212
1412353682
1425063039
1425501932
1406476875
1450878295
1414438760
1406254446
1426556556
1415388093
1406828067
1455730075
1406576486
1407331122
1421437314
1406829824
1407443691
1433149242
1416701061
1408927964
1421649488
1448444216
1427138360
1433575777
1423665085
1449779026
1407328873
1407347701
1407336951
1409350095
1426631473
1407358460
1407379718
1419165936
1460479607
1407386110
1445493858
1407939529
1443889285
1428791710
1408368852
1407619849
1435174341
1407891690
1413220119
1407950426
1407902398
1408308124
1407933239
1408260090
1408095171
1420817817
1408463371
1408103964
1411812326
1488866420
1409323428
1439890968
1426000874
1425636659
1450955164
1408366943
1419647752
1428058150
1409932542
1433264525
1426678507
1444604085
1408681923
1421389930
1409961962
1409216500
1411071767
1413808783
1409322658
1458840882
1411077495
1452299178
1410139749
1409230781
1428460047
1422909718
1409682686
1437764179
1413413796
1432659404
1421504275
1422386645
1439131539
1430979592
1459559969
1412501321
1415985864
1411056103
1459448245
1412071972
1415113437
1410256994
1412361942
1420058787
1409927826
1449770530
1429197625
1409920926
1411059926
1427668637
1443933722
1430260575
1411139280
1429632463
1420830217
1427952495
1438978320
1410390383
1448355678
1410456010
1416064749
1444849298
1450914915
1427753082
1416347509
1410547382
1428474277
1435231257
1412960460
1456184197
1411316951
1452004833
1457807248
1425440374
1411075814
1411224673
1450623592
1424529068
1427948668
1435670941
1411273091
1464234981
1411282379
1428504976
1420147898
1424011964
1440098847
1422547903
1412465666
1411531441
1450522536
1412260012
1417816660
1424262497
1415718707
1433784545
1415109642
1445009098
1426271538
1448449497
1423242329
1415868019
1414004099
1412696677
1461673372
1432146005
1412742293
1412800375
1447409764
1432719405
1421215149
1447324087
1413050323
1421065086
1413786609
1416572328
1413381336
1420677919
1413505350
1418474756
1432837526
1413799829
1413653537
1430711242
1464005285
1413894697
1413934787
1414162636
1425934889
1415058302
1423267075
1419235779
1419607536
1417020858
1414611351
1414610251
1425785017
1415254496
1423004250
1414737474
1414783829
1427532980
1462780474
1443705828
1472120533
1416128203
1424684484
1414994685
1418943817
1415196594
1415230849
1469826496
1415269694
1468354857
1433452647
1421310028
1457647833
1454832526
1426915406
1418769862
1421860633
1439218167
1487591992
1460714166
1468011564
1454867375
1415621893
1416324870
1416437551
1416572986
1428053286
1484683288
1434750527
1425705172
1416149322
1439023518
1416539498
1432801326
1430066510
1460642055
1416740309
1416704508
1452946359
1420049620
1430329746
1424708048
1432552678
1427124254
1427699147
1417189880
1417120913
1418247246
1439240937
1446173063
1417713975
1449589799
1451840143
1421800243
1464497328
1434307325
1475259751
1460149771
1432319906
1427230934
1456922391
1435062577
1419024892
1437286821
1419778821
1453051991
1418422182
1422955621
1431954209
1445327985
1434040558
1456650264
1455062816
1448461213
1426172840
1432815729
1419022973
1426598800
1429269721
1426253052
1458312832
1424909301
1470702576
1446290159
1461198454
1456951636
1433532814
1427914570
1448040991
1421694017
1420988953
1428079813
1419374988
1419459577
1419524060
1421855221
1430230716
1419722640
1420620501
1452312683
1444082254
1435572764
1419967171
1425215335
1420148864
1498239385
1472226345
1420209307
1420317708
1462667989
1455753366
1475989555
1465815011
1420560277
1443777007
1477763288
1439054230
1420748005
1423049733
1430638230
1480677280
1463605942
1458664820
1424711055
1489690557
1422760679
1426010998
1430627983
1463219000
1421495516
1444135976
1447354937
1438698980
1455186208
1422406876
1422412086
1423695256
1431438840
1422070661
1432420771
1422291581
1447263820
1422383885
1422501622
1453468726
1443789523
1428133295
1430044866
1484003421
1481849067
1427914405
1423505535
1422923318
1427278864
1455177710
1423931415
1423109649
1473176047
1457542865
1423158678
1424799633
1432175069
1423238771
1449120737
1424388672
1429220448
1435026614
1423693458
1424011192
1424925238
1426945858
1424323412
1424384891
1426879661
1447082177
1434315174
1437988379
1425796979
1433792319
1426012619
1424962920
1456134390
1450875231
1438518221
1466863515
1431376912
1487943536
1425186478
1425220440
1465789895
1436824933
1425430659
1450993941
1468422721
1459272091
1459786613
1425577363
1439935268
1425903084
1456702478
1425821766
1426196425
1425954070
1474361192
1426071754
1426524291
1426763490
1454654365
1459497555
1487409207
1426507534
1455180690
1474050197
1426550645
1433906101
1460993643
1438226166
1467857725
1457574737
1455583819
1466633724
1464265231
1427831178
1430421248
1448619030
1463285508
1432790761
1427590694
1432909919
1463395488
1427486469
1491243455
1450638182
1427880515
1427735217
1459337541
1434341577
1445829254
1442875073
1451004322
1435713632
1444747289
1428948590
1469193097
1436789706
1480944056
1440074232
1428686213
1432265245
1462859487
1429034274
1447459322
1490013580
1429158797
1459880656
1443235315
1429663669
1456334545
1430221276
1432220458
1438800194
1429717438
1447107791
1429805244
1470300474
1447562279
1495036017
1430218981
1457714725
1443978853
1430645783
1430807699
1430689693
1430737683
1432197478
1431458695
1431169532
1432335543
1454109428
1445539418
1460277410
1464222085
1452440873
1432000099
1453872271
1434050428
1435847170
1452968349
1474667095
1451139519
1432553734
1432674677
1445997211
1454700434
1432809443
1438877900
1446123030
1438167517
1433861166
1432932972
1438858028
1457423274
1434357380
1443697515
1433541220
1433490649
1436556812
1434401905
1433530854
1436527522
1434065422
1443789653
1461205477
1434118870
1437455897
1435957322
1434879088
1455142557
1472667803
1450900770
1452179293
1452752100
1435792291
1443095270
1434907986
1450091932
1435344032
1435900522
1435785806
1490670473
1456149725
1441795828
1448029410
1469048071
1463564380
1452628094
1478125326
1469120331
1436642732
1444752690
1487800213
1438048584
1437762365
1440177944
1448839554
1438268511
1467409025
1452368682
1447507482
1455958841
1437818072
1448972320
1466056350
1442332281
1460686970
1454347895
1464117002
1440254396
1439299819
1456839430
1460552940
1438171935
1451566227
1474436984
1456069703
1482069295
1438700481
1439355075
1464478870
1446306652
1457518312
1440798722
1449707583
1438871613
1444930852
1459405195
1455661707
1487675023
1441311602
1457203657
1439528695
1454027756
1439817809
1439839880
1452823229
1440692293
1446182540
1440518180
1440626399
1440485607
1440733059
1440860807
1450074835
1446574816
1443462256
1460620858
1441967702
1442057933
1445337306
1449038817
1466178267
1447407270
1442467363
1442852902
1442685020
1453057937
1447095991
1455015802
1444754350
1444107122
1444348505
1443722136
1447830578
1472665688
1444762452
1477990091
1457983734
1449149831
1447410978
1450095894
1446861438
1477222951
1460198533
1451467339
1445749570
1471306438
1459605042
1473633642
1446298863
1485152274
1448290606
1449179846
1475805964
1446610887
1455202477
1446948795
1463564004
1459414385
1447158704
1447481921
1448382847
1462866113
1482027158
1463323854
1464939108
1453451655
1448120349
1448303965
1448498147
1460371045
1449070800
1497252347
1451657337
1457200479
1450270938
1462199519
1470314690
1486499649
1450449080
1483547688
1452889892
1450849203
1453036036
1451167265
1477644295
1451730090
1451803622
1455712465
1475056679
1451973630
1461706353
1457677417
1469011704
1474636068
1489214468
1457850900
1455963578
1469652950
1452662139
1454828546
1460258305
1453933942
1456034923
1454559692
1485974314
1454392731
1453379830
1453617164
1457439492
1455758029
1453954956
1457857825
1466068647
1458723748
1454034044
1464802037
1459103001
1471552809
1466263834
1454862781
1455147089
1455406353
1456502696
1455907114
1463478072
1456465607
1477248485
1463406238
1458727178
1458208498
1457393166
1457777218
1459299951
1458046997
1471673813
1464342271
1458679844
1466049744
1461554453
1459566747
1458917264
1459275722
1461075373
1460220388
1458929986
1476724210
1467314407
1481468326
1474694008
1476485999
1468487568
1459762205
1459822051
1460325992
1460762273
1460831337
1461652555
1466279739
1470127358
1462527776
1474025839
1463279800
1469612611
1464014689
1466112878
1464979028
1466261263
1490976130
1465564305
1500409739
1466328470
1488304547
1472582374
1485497187
1467151922
1467185178
1467421573
1471543598
1475521987
1472665672
1469672507
1474571942
1479388567
1471076663
1470258268
1483983167
1471278521
1470774245
1476295545
1478089490
1475370779
1474068574
1474089553
1475106328
1478505299
1487535604
req_id
locale
mobile_site
data
return_to
_bn
utm_term
msclkid
_bk
_bt
_bm
8
999
1
5
2020
A-with-13-year-old-Hacker-Ahsan-Tahir
gh_jid
qbvtcc
qbxuu1
qbzeet
qc0qmg
qc1eez
qc39zh
qc8l7a
qc91rg
qcbylh
qccd8n
qccv9m
qcek2k
qcg2f6
qcg88g
qci4vm
qcjk2k
qclz31
qcozdu
qcpo23
qcqxt5
qcqzsp
qcr5rr
qct7d9
qd678j
qd9zhi
qdfegh
qdiy9n
qdktuz
qdmjt3
qdrqta
qds259
qdu59q
qdxhh2
qdzn9n
qe500h
qe72ei
qe79b3
qe93cl
qecngv
qejrwe
qenpl9
qepcwu
qex0wm
qf0swd
qfa3az
qfdtn2
qffs1n
qfkrwh
qfoyo3
qfqm7k
qft4jc
qcv3ul
qd2cf1
qd23w8
qchxhw
qdhcjd
v
qdmscu
qdx166
_bg
creative
feeditemid
targetid
adgroupid
adposition
campaignid
t
hubItemID
hubBaseUrl
m4
expanded
_
1575334999
1576172822
1575334897
1575382044
1593537051
action
pff6r9
pfpeeg
pfxnk5
pg1snv
pgb0gk
q16sls
q8dw8h
p0ghe1
pib9z4
pix1nh
piyq2y
pb3uqv
pbb4s6
pbgad7
pblsqm
pbmfky
q9gs1e
q9ka55
q75h24
pmztsk
qa6ef5
qa6pbu
q0k96b
q0lz55
pzhc65
pzqft2
pzuint
p9jyrh
qbq765
q9b6lr
pxqehf
pt44gr
ptblbu
pterbw
pl4qny
py5mxu
pycilx
pygm6h
pyvgkp
pz8cxr
pzdzwf
q6xiqk
q7utxe
q80ivv
q2o3r2
q5cn5e
on5amk
q6fmaa
phdxov
phh3wh
phj5hd
phkr90
phqseg
phxx4b
pi72wg
pi9m4y
plhx1u
pppp9m
q2b6nu
q2ey5r
q2f9nr
q2gtyi
q3f0b4
q3pkah
q3wovg
q44he3
q4iumx
q4zwkx
q5nkjx
q60kn6
q628i2
qb1q0e
qbd5ju
p203x0
pmj97h
pml17n
ol26f2
ol2xiu
ol6cir
olj7oq
olwsv0
om1sjt
omm912
pufybt
omtp63
on90xt
onuosa
onwipb
ooxtsm
pvvntz
pk07sd
p9yso4
pa8n57
pac0ki
paj2y8
pamthx
q29e1h
oudm5e
ouoq8l
ov5t2c
ovgkan
ovk87w
ovzk5z
owa8en
owj8uu
owmyu8
owv0il
oy0fye
oz4438
pc6qwc
py1rqt
qa8do6
q6mmgm
q6owwx
q6q9n9
q6qm9e
pnutg4
pnwww0
pnym8g
po0evl
po2ln5
pobwh7
pofko6
q9xe37
q9z107
q9z83u
q1jq8w
pptfv8
pq0xg2
pqjf1p
pqqzcg
pr3jg3
pr5moa
pr7i6w
pr8xwb
q8ugo7
q69xzz
q6be61
pe59jf
pea9yu
peo2tn
peuyru
pgccex
ph10uo
ph477q
pi9nyq
pjdwz6
pk3qkc
pk42w8
pker8g
pkpyp4
pku35h
pkzmjz
pl14fr
pl2bja
plwmsq
pm4a6l
pm69eu
pm7qi4
pm9owz
pmf3h2
pmh9b0
pmmsv5
pmub68
pmxy7d
pn6yai
pn8zay
pnm18b
pnnrfg
pqhkip
prax0c
pri1wv
prmfe6
psaojg
psp3ig
psyc7h
pth0hg
pts06d
pu0yqp
puhzuq
puoyzb
puwusc
pv615j
pv9pbf
pvgzy2
pvts1f
pvxv8u
pw6xok
pw8oxy
pway4q
pwlxwl
px9ma3
pxbyxc
pxj2sk
py04hd
pz0mkv
pzy3br
q03bmy
q0b9l9
q0i9xl
q22eey
q247g3
q6bikj
q6d8sd
q6krum
q6l0n4
q6mkwo
q6zfjf
q71otz
q7axmm
q7exw0
q7i167
q7icyn
q7nn9o
q88bhp
q8g2ug
q8hn4i
q8hvqy
q8qs9l
q9421c
q97g1i
qa8hm9
qa8t04
qaa3gu
qaai96
qacelo
qae0qj
qajjdc
qakw4y
qancdf
qar5g9
qazuw8
qbh39l
p0z5bd
q243u1
p3e714
p56vym
p5myfe
p5uo4k
p60fjn
pdm8sd
pdzmpz
otdlh5
otel8z
otg5fa
otkuad
otmg1g
otnm80
otohpc
p0au1w
p0b3zh
p69vpl
p6ewhh
p7162j
p7cot3
p7fe53
opfo9p
opv126
oqj2k6
oqvp58
or6sif
orlh9r
osp0qf
oswl40
oqst9l
oqy0mp
orx1sc
os7nzj
osiu34
ot1ken
ot3v4e
ol4hbq
p0gbip
p2pmsw
p2z2x1
p8l23n
oooj50
ooqbr8
pbpvmf
pcurg8
pcwm9e
pd3qbm
pd5muc
p8vyum
p97wj1
p32t3e
p0mb63
p0ny7a
pdf9vf
pdhf42
pdieos
oocsyz
p0jz5n
p80e09
qa8evu
p9h4t5
nocache
itok
ospqg6
mkt_tok
